%YAML:1.0
cameraMatrix: !!opencv-matrix
   rows: 3
   cols: 3
   dt: d
   data: [804.202407, 0.000000, 983.130333, 0.000000, 804.125290, 667.249833, 0.000000, 0.000000, 1.000000]
distortionCoefficients: !!opencv-matrix
   rows: 1
   cols: 5
   dt: d
   data: [0.012708, -0.046620, -0.002755, -0.004037, 0.000000]
rectification_matrix:
  rows: 3
  cols: 3
  dt: d
  data: [1.000000, 0.000000, 0.000000, 0.000000, 1.000000, 0.000000, 0.000000, 0.000000, 1.000000]
projection_matrix:
  rows: 3
  cols: 4
  dt: d
  data: [814.851990, 0.000000, 355.466578, 0.000000, 0.000000, 836.565796, 226.249316, 0.000000, 0.000000, 0.000000, 1.000000, 0.000000]
